4294967279,97
4294967278,342
4294967278,245
4294967278,389
4294967278,219
4294967278,272
4294967278,393
4294967278,61
4294967278,60
4294967278,59
4294967278,51
4294967278,50
4294967278,48
4294967278,46
4294967278,295
4294967278,39
4294967278,36
4294967278,27
4294967278,25
4294967278,22
4294967278,21
4294967278,20
4294967279,342
4294967279,543
4294967278,418
4294967278,385
4294967278,38
4294967278,341
4294967279,356
4294967279,139
4294967279,285
4294967278,340
4294967278,24
4294967279,341
4294967278,23
4294967278,217
4294967279,279
4294967279,277
4294967279,261
4294967279,347
4294967294,1092
4294967278,365
4294967278,291
4294967278,285
4294967279,340
4294967278,339
4294967279,253
4294967278,249
4294967278,387
4294967278,422
570,8
570,7
570,6
570,5
570,4
4294967278,242
570,3
570,2
570,1
4294967278,318
4294967279,350
4294967278,432
4294967278,230
4294967279,324
4294967278,210
4294967278,208
4294967294,1419
4294967294,399
4294967294,1172
4294967294,167
4294967294,444
4294967294,169
4294967294,391
4294967294,119
4294967279,542
4294967278,301
566,6
4294967278,338
4294967279,196
4294967278,190
4294967278,192
566,5
4294967294,437
566,4
566,3
566,2
566,1
4294967279,191
4294967278,189
4294967279,189
4294967278,188
4294967279,188
4294967278,187
4294967294,1417
4294967294,1015
4294967294,1093
4294967294,1091
4294967294,996
4294967294,998
4294967294,1002
4294967279,184
4294967278,185
4294967278,184
4294967279,538
564,6
4294967278,337
4294967278,247
4294967278,336
4294967278,260
4294967279,175
4294967278,171
564,5
564,4
564,3
564,2
564,1
4294967279,556
4294967278,329
4294967279,161
562,5
562,4
562,3
562,2
562,1
4294967278,157
4294967279,536
561,6
4294967294,1422
4294967294,1421
561,5
561,4
4294967279,148
561,3
561,2
561,1
4294967279,147
4294967279,144
4294967278,335
560,5
560,4
560,3
560,2
560,1
4294967278,322
4294967279,259
4294967278,434
4294967279,280
558,5
558,4
558,3
558,2
558,1
4294967279,263
4294967279,373
4294967279,534
4294967278,290
4294967278,243
556,4
556,3
556,2
556,1
4294967294,173
4294967294,182
4294967294,163
4294967279,348
4294967278,414
4294967279,535
4294967278,412
4294967294,413
4294967294,385
4294967294,179
4294967294,1005
4294967294,384
4294967294,406
4294967294,397
4294967294,405
4294967294,412
4294967279,336
4294967279,364
4294967279,327
4294967278,386
4294967278,316
4294967278,57
4294967278,56
4294967278,304
4294967278,44
4294967278,417
4294967278,19
4294967278,18
4294967278,17
4294967278,16
4294967278,15
4294967278,416
4294967278,14
4294967278,13
4294967278,12
4294967278,11
4294967278,10
4294967278,9
4294967278,8
4294967279,531
4294967279,86
4294967279,85
4294967279,84
4294967279,79
4294967279,77
4294967279,76
4294967279,73
4294967279,72
4294967279,71
4294967279,70
4294967279,67
4294967279,65
4294967279,63
4294967279,62
4294967279,60
4294967279,305
4294967279,57
4294967279,56
4294967279,55
4294967279,54
4294967279,53
4294967279,52
4294967279,49
4294967279,45
4294967279,42
4294967279,40
4294967279,38
4294967279,37
4294967279,35
4294967279,34
4294967279,33
4294967279,32
4294967279,31
4294967279,30
4294967279,29
4294967279,28
4294967279,26
4294967279,24
4294967279,22
4294967279,21
4294967279,17
4294967279,16
4294967279,14
4294967279,11
4294967279,10
4294967278,334
4294967279,237
4294967279,229
4294967278,226
4294967279,532
4294967278,333
4294967278,216
4294967278,213
4294967278,332
4294967279,323
4294967278,306
4294967278,207
4294967278,411
4294967278,206
4294967278,205
4294967279,204
4294967279,199
4294967278,325
4294967278,367
4294967279,232
4294967278,305
4294967279,527
4294967278,215
4294967278,252
4294967279,526
4294967279,75
4294967278,410
555,8
4294967278,62
4294967279,183
4294967278,182
4294967278,181
4294967278,180
4294967278,179
555,7
555,6
555,5
555,4
555,2
555,1
4294967278,328
4294967279,61
4294967279,306
4294967279,58
4294967279,365
4294967279,50
4294967278,324
4294967278,49
4294967278,160
4294967279,160
4294967294,388
4294967294,165
4294967278,159
4294967279,159
4294967279,273
4294967278,158
4294967279,158
4294967279,157
4294967279,153
4294967279,155
4294967278,155
4294967279,154
4294967279,287
4294967279,151
4294967278,151
4294967279,150
4294967278,150
4294967279,524
4294967279,36
4294967279,146
551,6
4294967279,143
4294967279,142
4294967279,140
4294967278,140
4294967279,138
4294967278,136
4294967278,138
551,5
551,4
551,3
551,2
551,1
4294967279,133
4294967279,522
4294967279,271
4294967279,18
4294967279,19
4294967279,374
4294967278,401
4294967279,265
549,6
4294967294,178
4294967294,175
4294967294,408
4294967294,386
4294967294,410
4294967279,321
4294967278,137
4294967279,275
4294967279,354
4294967278,330
4294967278,415
549,5
4294967279,255
549,4
549,3
549,2
549,1
4294967278,391
4294967279,254
4294967278,257
4294967278,327
4294967279,515
4294967278,360
4294967279,521
4294967278,320
547,5
547,4
547,3
547,2
547,1
4294967278,250
546,6
4294967278,381
4294967279,239
546,5
4294967278,237
4294967278,236
546,4
546,3
546,2
546,1
4294967278,234
4294967294,185
4294967294,162
4294967278,232
4294967279,227
4294967279,363
4294967278,228
545,5
4294967278,224
545,4
545,3
545,2
545,1
4294967278,220
4294967279,260
4294967278,255
4294967278,321
4294967279,362
4294967278,348
4294967279,207
4294967278,204
4294967279,206
4294967279,205
543,5
4294967278,203
4294967278,202
543,4
4294967279,202
543,3
543,2
543,1
4294967278,201
4294967278,200
4294967278,199
4294967278,447
4294967279,290
4294967278,198
4294967278,196
4294967278,195
4294967278,193
4294967279,192
4294967278,191
541,4
541,3
541,2
541,1
4294967279,343
4294967279,311
4294967294,395
4294967294,420
4294967294,1171
4294967294,407
4294967294,164
4294967294,184
4294967294,464
4294967279,533
4294967278,312
4294967279,281
4294967278,409
4294967279,357
4294967278,177
4294967279,369
4294967279,368
4294967279,168
4294967278,300
4294967278,88
4294967279,335
4294967279,523
4294967278,441
4294967279,349
4294967278,156
4294967278,154
4294967278,152
4294967279,152
540,8
540,7
540,6
540,5
540,4
4294967278,142
540,2
540,1
4294967279,141
4294967279,326
4294967278,293
4294967279,520
4294967279,272
